| epoch 0  | 0.9347 | 0.9256 | 0.8775 |
| epoch 1  | 0.9349 | 0.9236 | 0.8786 |
| epoch 2  | 0.9330 | 0.9215 | 0.8791 |
| epoch 3  | 0.9354 | 0.9262 | 0.8409 |
| epoch 4  | 0.9364 | 0.9266 | 0.8778 |
| epoch 5  | 0.9344 | 0.9171 | 0.8772 |
| epoch 6  | 0.9346 | 0.9243 | 0.8789 |
| epoch 7  | 0.9364 | 0.9305 | 0.8776 |
| epoch 8  | 0.9349 | 0.9284 | 0.8790 |
| epoch 9  | 0.9356 | 0.9278 | 0.8768 |
| epoch 10 | 0.9351 | 0.9237 | 0.8711 |
| epoch 11 | 0.9351 | 0.9227 | 0.8792 |
| epoch 12 | 0.9359 | 0.9288 | 0.8606 |
| epoch 13 | 0.9360 | 0.9231 | 0.8772 |
| epoch 14 | 0.9353 | 0.9270 | 0.8766 |
| epoch 15 | 0.9364 | 0.9237 | 0.8780 |
| epoch 16 | 0.9353 | 0.9270 | 0.8777 |
| epoch 17 | 0.9368 | 0.9281 | 0.8766 |
| epoch 18 | 0.9378 | 0.9288 | 0.8755 |
| epoch 19 | 0.9370 | 0.9239 | 0.8765 |
| epoch 20 | 0.9381 | 0.9311 | 0.8769 |
| epoch 21 | 0.9381 | 0.9251 | 0.8761 |
| epoch 22 | 0.9386 | 0.9304 | 0.8756 |
| epoch 23 | 0.9391 | 0.9317 | 0.8761 |
| epoch 24 | 0.9396 | 0.9297 | 0.8766 |
| epoch 25 | 0.9393 | 0.9271 | 0.8662 |
| epoch 26 | 0.9414 | 0.9321 | 0.8696 |
| epoch 27 | 0.9424 | 0.9337 | 0.8689 |
| epoch 28 | 0.9445 | 0.9324 | 0.8756 |
| epoch 29 | 0.9463 | 0.9368 | 0.8793 |
| epoch 30 | 0.9499 | 0.9382 | 0.8852 |
| epoch 31 | 0.9524 | 0.9425 | 0.8794 |
| epoch 32 | 0.9547 | 0.9460 | 0.8757 |
| epoch 33 | 0.9585 | 0.9472 | 0.8992 |
| epoch 34 | 0.9611 | 0.9470 | 0.9026 |
| epoch 35 | 0.9581 | 0.9459 | 0.8970 |
| epoch 36 | 0.9615 | 0.9491 | 0.8943 |
| epoch 37 | 0.9573 | 0.9456 | 0.8920 |
| epoch 38 | 0.9651 | 0.9526 | 0.9071 |
| epoch 39 | 0.9674 | 0.9539 | 0.9107 |
| epoch 40 | 0.9687 | 0.9555 | 0.9147 |
| epoch 41 | 0.9689 | 0.9531 | 0.9213 |
| epoch 42 | 0.9670 | 0.9502 | 0.9107 |
| epoch 43 | 0.9704 | 0.9569 | 0.9096 |
| epoch 44 | 0.9707 | 0.9592 | 0.9176 |
| epoch 45 | 0.9706 | 0.9570 | 0.9198 |
| epoch 46 | 0.9723 | 0.9623 | 0.9119 |
| epoch 47 | 0.9735 | 0.9626 | 0.9288 |
| epoch 48 | 0.9748 | 0.9630 | 0.9336 |
| epoch 49 | 0.9766 | 0.9665 | 0.9331 |
| epoch 50 | 0.9779 | 0.9683 | 0.9344 |
| epoch 51 | 0.9768 | 0.9669 | 0.9439 |
| epoch 52 | 0.9773 | 0.9699 | 0.9309 |
| epoch 53 | 0.9782 | 0.9683 | 0.9452 |
| epoch 54 | 0.9786 | 0.9698 | 0.9269 |
| epoch 55 | 0.9773 | 0.9643 | 0.9457 |
| epoch 56 | 0.9812 | 0.9740 | 0.9500 |
| epoch 57 | 0.9814 | 0.9747 | 0.9504 |
| epoch 58 | 0.9803 | 0.9708 | 0.9497 |
| epoch 59 | 0.9833 | 0.9753 | 0.9522 |
